796401394098044932
796401382576320512
796386395417739264
796384174085173248
796366348548853760
796328594008051712
796299359499485184
796299149939527680
796289343073689600
796185542878597120
796153532130979840
796148013299335168
796081829820461056
796045462520418304
796038533286924288
796030960638758914
796021097766457344
795993941166424065
795977103858696193
795929135851905025
795833728018677760
795804282993844225
795770315364335616
795745142493757441
795717482111635459
795694832664580096
795663886611607553
795629116242489344
795592867632836608
795581974467530752
795556050187517952
795550727393472516
795548119463141377
795416891023978496
795365481976832004
795360149439389697
795339979316547584
795309783377031170
795301819249491969
795297577889656832
795293834959798273
795289821891665921
795289196592242689
795276355109785601
795275476025692160
795265713275621377
795263667365380097
795263064467709952
795262550036402178
