796377922886111236
796375037905252352
796372779280928768
796295418497925120
796290371068100608
796121394442567681
796107939429974016
796107646948540416
796107385924386816
796107189152780288
796107064267460608
796106929219182593
796106745127010306
796106559612915712
796106416855650308
796106241529511936
796106078429790208
796105960586612736
796105848812617729
796105729841201158
796105584324055041
796105446755078145
796105268677447680
796105165602521089
796105033716797442
796104863058890753
796104737632481284
796104610964504576
796104503405793280
796104263667687425
796104158206169088
796103992350806021
796103860154667008
796103693603110912
796103541756571648
796103354845958144
796103227276136448
796103053342601218
796102447546638336
796101848398753794
796101594827882496
796101382692569088
796101007256289280
796100065374990340
796099024441016320
796097726693969920
796096487793061888
796095323932422144
796095106952597504
