759669785139437568
756558007182331905
750034099444781056
720734034863767552
683956638433292288
683950893427896321
683950892022800384
683950889493606401
683607376524492802
683580774969245698
683580774180782081
683580773304172544
683385750331654144
683319894159458304
683319893148577794
683296948074364928
683296947235471360
683296946300137473
683255862232678400
683235736124960770
683235735231574017
683215550911098880
683215549237559296
683215548201611264
683215547031404545
682979737937948672
682932097795764228
682932096860459009
682907866139734016
682884977306910721
682862631879770112
682841991764287488
682841990673772544
682580582946213888
682580580756795392
682580578487660547
682557872979505153
682505519681122305
682505516275359748
682505513465176064
682369269687017473
682349011643293696
682349009437114368
682349007277015041
682327398088495104
682327397358686208
682327396247191554
682304990220828672
682304989067350016
