796357894241484800
796354203279040512
796347595891294208
796345979507273731
796328464991289344
796313640920031232
796308243517730816
796307180328808448
796293673591967744
796292638299267072
796290884186894336
796284755042074624
796276150561542144
796262591328829444
796071039650250752
796066712651239424
796045588878028800
796043818932072448
796042855294844928
795955257130053632
795930091704512512
795903739509043201
795717464537501697
795702866161770496
795689798296104960
795680921194209280
795668049240145920
795659067570225152
795637508902191104
795595311838363649
795590796762292225
795571850818551812
795562120234594304
795561888574795776
795541145958907905
795401402889682944
795394898908344320
795369241067343873
795362371791294464
795356934459236352
795353133794885632
795286427462467584
795279577631191040
795264224922456064
795234292959850496
795203575198715904
795186738343870464
795053334575087616
795005476144640001
