796369265851043841
796357077098754050
796341179122143236
796336545972256768
796336020044267520
796335281225859073
796322706316664832
796294512435982336
796280178343366657
796276174947282945
796275683785867264
796119229015662592
796113819730780161
796110068009734144
796089409716113408
796068545062764545
796063559465705472
796056717490462720
796050924519059456
796039772519223296
796036061516337152
796019954848059392
796004386291978240
796003876809736192
796003528078716929
796003497544208384
795995758461931521
795994809555189760
795993636311797762
795992291152457729
795991261492707328
795989764272955393
795989266631426048
795977955075760128
795967106894286848
795959065406902272
795951442863550464
795951016386633729
795947767713533952
795937945693908992
795933634310053888
795908852009074688
795908216697651200
795898659065864192
795888986980020224
795723499545513984
795705130184097792
795683738726367234
795663561326477312
