796362728147329025
796342049264009218
796314395076796416
796290125391138816
796116842729312256
796083372422549504
796056557964427264
796028455271989249
796021784764149760
796012237588668416
796008567371350016
795998239447203840
795968036045987840
795946985236873216
795946933416239105
795926153672278016
795916904405798913
795833725795725312
795816382550052865
795763768269553666
795744890164482048
795725513541226496
795683988509757440
795671657662672896
795661844518227968
795652283140898817
795646069388546048
795640954489307136
795635294401921024
795624642971103232
795620954424614912
795612017105084416
795606820295471104
795603206667730944
795598435445522432
795596752602677248
795593393288126464
795586254326951937
795572823850971136
795567566404153344
795556790549278721
795542055678332928
795535006617706496
795522677590982656
795484173465108480
795453470425763841
795434343443202048
795424028609499136
795412954355208192
